Field value presence by provider
                               associat    links contribu     tags date_upd    title descript   venues language   awards date_pub  subject
providers.au.uow                  0.987    0.999    0.916    1.000    1.000    1.000    0.955    0.510    0.510    0.510    0.510    0.510
providers.be.ghent                0.762    0.996    0.909    1.000    1.000    0.996    0.781    0.626    0.933    0.626    0.626    0.626
providers.ca.umontreal            0.588    0.998    0.967    1.000    1.000    0.998    0.607    0.531    0.982    0.531    0.531    0.531
providers.ca.uwo                  1.000    1.000    0.912    1.000    1.000    1.000    0.828    0.487    0.487    0.487    0.487    0.487
providers.com.figshare            0.883    1.000    0.939    0.882    0.882    1.000    0.998    0.882    0.882    0.882    1.000    0.882
providers.com.nature              1.000    1.000    0.962    1.000    1.000    1.000    0.805    0.805    1.000    0.805    0.805    0.805
providers.edu.asu                 0.700    0.995    0.895    1.000    1.000    0.995    0.587    0.539    0.697    0.539    0.539    0.539
providers.edu.boise_state         1.000    1.000    0.918    1.000    1.000    1.000    0.936    0.536    0.536    0.536    0.536    0.536
providers.edu.calhoun             0.950    0.998    0.974    1.000    1.000    1.000    0.683    0.604    0.635    0.604    0.604    0.604
providers.edu.calpoly             1.000    1.000    0.864    1.000    1.000    1.000    0.903    0.499    0.499    0.499    0.499    0.499
providers.edu.caltech             0.976    0.999    0.818    0.999    1.000    0.999    0.997    0.454    0.454    0.454    0.454    0.454
providers.edu.chapman             1.000    1.000    0.635    1.000    1.000    1.000    0.692    0.390    0.390    0.390    0.390    0.390
providers.edu.cmu                 1.000    0.999    0.800    1.000    1.000    1.000    0.909    0.421    0.863    0.421    0.421    0.421
providers.edu.colostate           1.000    1.000    0.060    1.000    1.000    1.000    0.035    0.033    0.035    0.033    0.033    0.033
providers.edu.columbia            0.403    1.000    0.530    1.000    1.000    1.000    0.998    0.307    1.000    0.307    0.307    0.307
providers.edu.csuohio             1.000    0.997    0.785    1.000    1.000    1.000    0.919    0.390    0.393    0.390    0.390    0.390
providers.edu.cuny                1.000    1.000    0.724    1.000    1.000    1.000    0.941    0.416    0.979    0.416    0.416    0.416
providers.edu.cuscholar           1.000    1.000    0.930    1.000    1.000    1.000    0.954    0.464    0.464    0.464    0.464    0.464
providers.edu.dash                0.942    0.999    0.972    1.000    1.000    0.999    0.911    0.703    0.749    0.703    0.703    0.703
providers.edu.digitalhoward       1.000    1.000    0.363    1.000    1.000    1.000    0.382    0.183    0.189    0.183    0.183    0.183
providers.edu.duke                0.704    1.000    0.958    1.000    1.000    1.000    0.811    0.658    0.708    0.658    0.658    0.658
providers.edu.fit                 0.759    1.000    0.959    1.000    1.000    1.000    0.956    0.733    0.733    0.733    0.733    0.733
providers.edu.huskiecommons       0.995    0.999    0.932    1.000    1.000    0.999    0.536    0.503    0.797    0.503    0.503    0.503
providers.edu.iastate             1.000    1.000    0.804    1.000    1.000    1.000    0.899    0.466    0.812    0.466    0.466    0.466
providers.edu.icpsr               0.377    0.999    0.016    0.983    1.000    0.999    0.994    0.007    0.007    0.007    0.007    0.007
providers.edu.iowaresearch        1.000    1.000    0.649    1.000    1.000    1.000    0.592    0.357    0.986    0.357    0.357    0.357
providers.edu.iu                  0.625    1.000    0.853    1.000    1.000    1.000    0.571    0.518    0.536    0.518    0.518    0.518
providers.gov.nist                0.750    1.000    1.000    1.000    1.000    1.000    1.000    0.769    0.769    0.769    0.769    0.769
providers.gov.scitech             0.537    0.957    0.853    0.508    0.508    1.000    0.868    0.502    0.996    0.502    0.502    0.502
providers.org.arxiv.oai           0.626    1.000    0.886    1.000    1.000    1.000    0.691    0.615    0.616    0.615    0.615    0.615
providers.org.crossref            1.000    1.000    0.958    0.805    0.805    1.000    0.810    0.805    0.805    0.805    0.806    0.805
providers.org.datacite            0.991    0.991    0.574    1.000    1.000    0.991    0.404    0.400    0.649    0.400    0.400    0.400